%YAML:1.0

#--------------------------------------------------------------------------------------------
# System config
#--------------------------------------------------------------------------------------------

# When the variables are commented, the system doesn't load a previous session or not store the current one

# If the LoadFile doesn't exist, the system give a message and create a new Atlas from scratch
#System.LoadAtlasFromFile: "Session_MH01_MH02_MH03_Stereo60_Pseudo"

# The store file is created from the current session, if a file with the same name exists it is deleted
#System.SaveAtlasToFile: "Session_MH01_MH02_MH03_Stereo60_Pseudo"

#--------------------------------------------------------------------------------------------
# Camera Parameters. Adjust them!
#--------------------------------------------------------------------------------------------
File.version: "1.0"

Camera.type: "PinHole"

# Camera calibration and distortion parameters (OpenCV) 
Camera1.fx: 427.106754965113
Camera1.fy: 427.37978163529493
Camera1.cx: 422.4599979297275
Camera1.cy: 247.45519496037326

Camera1.k1: 0.0011358479938583686
Camera1.k2: -0.002500710728081263
Camera1.p1: 0.0005780115262496462
Camera1.p2: -0.0002927664144978747

Camera2.fx: 426.7806930076452
Camera2.fy: 427.1155020991054
Camera2.cx: 422.57799939247786
Camera2.cy: 247.30702605915593

Camera2.k1: 0.012010780980641225
Camera2.k2: -0.07137931428667468
Camera2.p1: -0.0002749546597828284
Camera2.p2: -0.00020426041143880588

Camera.width: 752
Camera.height: 480

# Camera frames per second 
Camera.fps: 15

# Color order of the images (0: BGR, 1: RGB. It is ignored if images are grayscale)
Camera.RGB: 1

Stereo.ThDepth: 60.0
Stereo.T_c1_c2: !!opencv-matrix
  rows: 4
  cols: 4
  dt: f
  data: [9.99999984e-01,  8.47563517e-05, -1.60107638e-04,  9.51909988e-02,
         -8.47496114e-05,  9.99999996e-01,  4.21051060e-05, -1.35520815e-04,
         1.60111206e-04, -4.20915362e-05,  9.99999986e-01,  7.88877275e-05,
         0.00000000e+00,  0.00000000e+00,  0.00000000e+00,  1.00000000e+00]

#  data: [0.9999999835909529, -8.474961136693062e-05, 0.00016011120630187903, -0.0951910213453101,
#         8.47563517048572e-05, 0.9999999955223323, -4.209153620085002e-05, 0.00012745609273669272,
#         -0.0001601076383436193, 4.2105105951881204e-05, 0.9999999862963526, -6.364121429178833e-05,
#         0.0, 0.0, 0.0, 1.0]

#--------------------------------------------------------------------------------------------
# ORB Parameters
#--------------------------------------------------------------------------------------------

# ORB Extractor: Number of features per image
ORBextractor.nFeatures: 1200

# ORB Extractor: Scale factor between levels in the scale pyramid 	
ORBextractor.scaleFactor: 1.2

# ORB Extractor: Number of levels in the scale pyramid	
ORBextractor.nLevels: 8

# ORB Extractor: Fast threshold
# Image is divided in a grid. At each cell FAST are extracted imposing a minimum response.
# Firstly we impose iniThFAST. If no corners are detected we impose a lower value minThFAST
# You can lower these values if your images have low contrast			
ORBextractor.iniThFAST: 20
ORBextractor.minThFAST: 7

#--------------------------------------------------------------------------------------------
# Viewer Parameters
#--------------------------------------------------------------------------------------------
Viewer.KeyFrameSize: 0.05
Viewer.KeyFrameLineWidth: 1.0
Viewer.GraphLineWidth: 0.9
Viewer.PointSize: 2.0
Viewer.CameraSize: 0.08
Viewer.CameraLineWidth: 3.0
Viewer.ViewpointX: 0.0
Viewer.ViewpointY: -0.7
Viewer.ViewpointZ: -1.8
Viewer.ViewpointF: 500.0
Viewer.imageViewScale: 1.0

